42.565000
48.150000
56.940000
57.005000
63.940000
60.465000
62.765000
47.955000
48.045000
46.985000
46.015000
46.700000
50.520000
47.425000
58.865000
55.440000
60.975000
62.380000
82.995000
79.080000
83.660000
82.045000
114.595000
127.380000
161.835000
170.110000
142.695000
140.880000
129.450000
151.510000
214.980000
227.515000
165.440000
190.850000
214.840000
195.485000
185.105000
202.380000
252.520000
274.910000
224.010000
269.060000
386.945000
295.730000
142.695000
170.660000
176.515000
170.900000
154.925000
132.640000
144.900000
134.230000